url_path,views_total,views_unique
/l3af-project/eBPF-Package-Repository,15,10
/l3af-project/eBPF-Package-Repository/tree/main/traffic-mirroring,10,6
/l3af-project/eBPF-Package-Repository/tree/main/ratelimiting,5,3
/l3af-project/eBPF-Package-Repository/blob/main/traffic-mirroring/mirroring_ingress.bpf.c,3,2
/l3af-project/eBPF-Package-Repository/pulls,3,1
/l3af-project/eBPF-Package-Repository/blob/main/traffic-mirroring/mirroring.c,2,2
/l3af-project/eBPF-Package-Repository/blob/main/traffic-mirroring/mirroring_egress.bpf.c,2,2
/l3af-project/eBPF-Package-Repository/commits/main,2,2
/l3af-project/eBPF-Package-Repository/tree/main/tc-root,2,2
/l3af-project/eBPF-Package-Repository/tree/main/windows,2,2
