url_path,views_total,views_unique
/l3af-project/l3afd,126,47
/l3af-project/l3afd/actions/workflows/ci-e2e.yaml,107,2
/l3af-project/l3afd/pulls,74,5
/l3af-project/l3afd/actions,62,2
/l3af-project/l3afd/pull/309,37,8
/l3af-project/l3afd/pull/293,26,4
/l3af-project/l3afd/pull/301,26,2
/l3af-project/l3afd/pull/293/files,24,4
/l3af-project/l3afd/tree/main/kf,19,7
/l3af-project/l3afd/pull/304,18,5
