referrer,views_total,views_unique
Google,295,21
github.com,91,13
l3af.io,64,14
wiki.lfnetworking.org,48,5
statics.teams.cdn.office.net,38,7
Bing,33,3
lfnetworking.org,18,3
ebpf.foundation,8,1
oschina.net,2,2
medium.com,1,1
